%YAML:1.0
description: OMG
samples:
   - !!opencv-matrix
      rows: 198
      cols: 1
      dt: d
      data: [ -1.9779999472715623e+01, -1.9029688800364838e+01,
          -1.7845891986073262e+01, -1.6172648687718329e+01,
          -1.3844445787781531e+01, -1.0885627417896536e+01,
          -7.3215064935527110e+00, -3.0948433666812623e+00,
          1.8327646960198380e+00, 6.6613456403394782e+00,
          1.0506445839679143e+01, 1.3543236500611052e+01,
          1.5703209657877851e+01, 1.7042154199508317e+01,
          1.7863140956311543e+01, 1.8281940636700408e+01,
          1.8275235698565435e+01, -1.6134391221517795e+01,
          -1.4167478473875279e+01, -1.1395170891292421e+01,
          -8.4059374649104512e+00, -5.5019497626742231e+00,
          3.5923445551254996e+00, 6.3610013437620898e+00,
          9.2993729068263651e+00, 1.2152942288595774e+01,
          1.4360471977183799e+01, -7.7683428334925020e-01,
          -5.3109574432698836e-01, -2.7875352916296725e-01,
          -3.7493335758229981e-02, -2.8975693893406267e+00,
          -1.4629302789778567e+00, 4.3131002311773012e-02,
          1.5537761160121626e+00, 2.9547749348959806e+00,
          -1.2001877513743647e+01, -1.0300637007210410e+01,
          -8.0151564178199912e+00, -6.1532000545719745e+00,
          -7.9986260329966017e+00, -1.0094533812010285e+01,
          4.9589383554956230e+00, 6.6834955539174334e+00,
          9.0074258343026568e+00, 1.0896165689637403e+01,
          9.0810427727653167e+00, 6.9569699445261408e+00,
          -4.1281143905429181e+00, -3.1578760349351844e+00,
          -1.7345300524300065e+00, 2.1645390898393574e-01,
          2.1530083562826836e+00, 3.7662488872289726e+00,
          4.9593058682836730e+00, 3.9292359927319462e+00,
          2.4643494476746515e+00, 5.2498733499664785e-01,
          -1.4409453010900777e+00, -3.0159025161889641e+00,
          -1.0010628106854007e+00, 2.9502552224341405e-01,
          1.5960364275854710e+00, 1.5006378908952889e+00,
          3.1695465026229813e-01, -9.2203318040058346e-01,
          -4.3932906557785367e+00, 4.1948867047439037e-01,
          5.1698427765780597e+00, 9.6875661173355390e+00,
          1.3758759792354345e+01, 1.7409841078629789e+01,
          2.0615441250804334e+01, 2.3015270480714921e+01,
          2.3410359995168626e+01, 2.2236547626477535e+01,
          1.9284907349734162e+01, 1.5567833991597750e+01,
          1.1353505247629336e+01, 6.7378213241946083e+00,
          1.7314440862072180e+00, -3.4291055190915154e+00,
          -8.5833980714552993e+00, -1.5370843494174121e+01,
          -1.7632362143743983e+01, -1.8783985901667887e+01,
          -1.8932559155805052e+01, -1.8348884201363649e+01,
          -1.9269130408457695e+01, -2.0264504503942597e+01,
          -2.0538520700603829e+01, -1.9753390228760082e+01,
          -1.7783134228445249e+01, -1.1995224775065516e+01,
          -8.9944966689890187e+00, -6.0123201975317508e+00,
          -3.0361552450321789e+00, 9.8198340508893711e-01,
          1.2709579194438489e+00, 1.2876332883938093e+00,
          1.0791684893738231e+00, 6.2666496675053307e-01,
          -1.0288856697652209e+01, -1.1725149093056960e+01,
          -1.1927450903534579e+01, -1.0859104929721902e+01,
          -9.8640225253248079e+00, -9.5942067186343856e+00,
          -1.1760338265533836e+01, -1.3125087997925103e+01,
          -1.3224280366913057e+01, -1.2015805965452605e+01,
          -1.1077514285359280e+01, -1.1027237472833654e+01,
          1.0379791147405198e+01, 8.3900644938973041e+00,
          6.6513999913620605e+00, 6.6723420475352064e+00,
          6.4157267829990534e+00, 8.0209258666255749e+00,
          9.8895516441455715e+00, 1.1430296991150989e+01,
          1.2562314929966503e+01, 1.3030351309020844e+01,
          1.2796472429690166e+01, 1.1813882646320518e+01,
          9.0849798241682400e+00, 8.7060627101371040e+00,
          8.9606232370399450e+00, 9.5860326550988102e+00,
          9.8758067567011771e+00, 9.6988363975444702e+00,
          2.0848731405481058e+01, 2.0384238964967000e+01,
          2.0095832187633146e+01, 1.8223277266521517e+01,
          1.3332736115277251e+01, 7.9404894140436957e+00,
          3.2572378790812628e+00, -8.4924066676343213e-01,
          -4.4520378607443041e+00, -7.0635917989322294e-01,
          3.3789960920482525e+00, 8.1639598411336589e+00,
          1.3651783286056506e+01, 1.8571106262550913e+01,
          2.0371858170002870e+01, 2.0689017609219302e+01,
          2.1283180424997642e+01, 3.4691075688497042e-01,
          -1.4585934214132219e+00, -2.8039099176590860e+00,
          -4.1305664433060763e+00, -5.3966474788984433e+00,
          -5.3205517949304220e+00, -4.0493789230780823e+00,
          -2.6684034773250218e+00, -1.2742922518041775e+00,
          4.9453376110463765e-01, -4.7666850009109289e+00,
          -7.6015528217160941e+00, -1.0466207166746194e+01,
          -1.3154557747575284e+01, -6.4201107518345406e+00,
          -7.1685579023514645e+00, -7.8903789000591642e+00,
          -7.1227652863269704e+00, -6.2154118995806593e+00,
          -8.8957677694501336e-01, -9.9388080474206675e-01,
          -1.0539891361367315e+00, -8.7156827756449562e-01,
          -1.0970529853396234e+00, -1.0096444676061689e+00,
          -7.7245723036335179e-01, -8.5941683471972019e-01,
          -8.5240614740797382e-01, -8.7220285590075142e-01,
          -9.5111486610084794e-01, -1.0663548244135974e+00,
          -2.7908556922324919e+00, -5.0430176022495754e+00,
          -6.5998010486315337e+00, -8.3374692870653870e+00,
          -6.6925114040844331e+00, -5.0679729557912676e+00,
          -2.7394676832596394e+00, -4.0961519196654566e+00,
          -5.4149546527712609e+00, -6.7757322044825203e+00,
          -5.3975263190666274e+00, -4.1656165963517271e+00,
          -4.9744812499888909e+00, -7.3357608456378118e+00,
          -4.9538535482831101e+00, -4.5051664993824900e+00,
          -6.3871909554008983e+00, -4.5503719285126127e+00 ]
   - !!opencv-matrix
      rows: 198
      cols: 1
      dt: d
      data: [ -1.8665653657135763e+01, -1.7979140074151033e+01,
          -1.6862894879758912e+01, -1.5373685883227223e+01,
          -1.3534458703751826e+01, -1.0993670668440785e+01,
          -7.6138814554500707e+00, -3.4526759390951902e+00,
          1.4840069624904293e+00, 6.4736805507452022e+00,
          1.0266673060967726e+01, 1.3059656269028167e+01,
          1.4986630019798561e+01, 1.6300785607974927e+01,
          1.7164681347181876e+01, 1.7501057212776420e+01,
          1.7294931050623596e+01, -1.5638500367795469e+01,
          -1.3891845849711464e+01, -1.1284987631836300e+01,
          -8.3693320912622795e+00, -5.5083713836991022e+00,
          3.0912991669337462e+00, 5.5245289763506733e+00,
          8.1473100952939603e+00, 1.0666992348305003e+01,
          1.2620792768475065e+01, -3.9575989964287683e-01,
          -2.1466365781897478e-01, -4.2076290571196773e-02,
          1.1664491574879017e-01, -1.9386288736167689e+00,
          -7.6551696266062952e-01, 4.3744588497223230e-01,
          1.5377527805041395e+00, 2.5744581676258691e+00,
          -1.1367585712965365e+01, -9.8654295292856560e+00,
          -7.8596890500299406e+00, -6.2197206712974484e+00,
          -7.8259247609043596e+00, -9.6992801868748124e+00,
          4.7555701881971357e+00, 6.2261418125911856e+00,
          8.2067596113831627e+00, 9.7925306357385757e+00,
          8.2731638042236124e+00, 6.4328556920401310e+00,
          -2.2771034299230575e+00, -2.3642038688668774e+00,
          -1.4827943134947854e+00, 4.2873802859754717e-01,
          2.3200900938281226e+00, 3.4489413176046293e+00,
          3.5745771850950989e+00, 3.3239080778263124e+00,
          2.5424118459688185e+00, 9.7471348031709681e-01,
          -6.7205455592092922e-01, -1.6906238897868460e+00,
          6.3792098536818109e-02, 6.0597997357994604e-01,
          1.1671452760298600e+00, 1.0690138059702465e+00,
          7.9504969291175875e-01, 4.0427695236781958e-01,
